--스타몬

201807263101 
202111113190 
202009294478 
201911341175 
202103498348 
201907292116 
201812773956 
202201940746 
201712379169 
201911099770 
202011777711 
201807112265 
202107648664 
201806997583 
201806932183 
202101567148 
202202581389 
202203047962 
201804876137 
201807093903 
202204022481 
201903596272 
202006849670 
202102099037 
202011105407 
201811768158 
201807084830 
202006300505 
202112106286 
202006857280 
202012459133 
202112834811 
201809483060 
201709279001 
201810364543 
201805963653 
201810404444 
201910783840 
201805054909 
201711415999 
202004785216 
201911405529 
202008641526 
201808304896 
202101695865 
201907307987 
201809438662 
201809433914 
202202902349 
202105086381 


--신맞고
202105104093 
202004785216 
202005023773 
201909969372 
202111470360 
201905957816 
201807263101 
202007681351 
202112094470 
202001728079 
201901168097 
202109903824 
202107059327 
201902348333 
202004675741 
201809607468 
201904554339 
202011015963 
202103313164 
202201490270 
201810404388 
201805955061 
202201992196 
201812907641 
201901211461 
202203606016 
201811871106 
202007632289 
201608513085 
202012469170 
201807093903 
202002878307 
202109883112 
202011145768 
201807122794 
202004246272 
201808227125 
202012459133 
202104385755 
202108859814 
201810363183 
201804868668 
202112137592 
202104842238 
202102773100 
201807204373 
201810367074 
202201450453 
202202260445 
202011253413 



--판다팡

202110957368 
201807263101 
202009217737 
201902348333 
201811667970 
201802626554 
201911341175 
201802626757 
202004785216 
201811768158 
201812128580 
201809483060 
202101567148 
202004193099 
201711415999 
202001894208 
202201940746 
201709279001 
201807089941 
201807112265 
201909640731 
201904594535 
201909969372 
201806932183 
201905807710 
202109883112 
201911405529 
201806997583 
202111113190 
201804876137 
201709296803 
201911107168 
202201728054 
201804862059 
201901211461 
202001879878 
201809438662 
201907297482 
202202581389 
202204022481 
201812773956 
202009294478 
202101539406 
201807093903 
202005190743 
202012459133 
201804762692 
202001623378 
201812758213 
201907292116 
